video_validation_0000051 3
675 759
859 906
1393 1482
video_validation_0000052 1
243 248
video_validation_0000053 15
91 138
224 248
343 401
497 530
636 685
746 806
885 907
967 992
1127 1138
1245 1300
1384 1460
1528 1561
1639 1664
1759 1810
1888 1938
video_validation_0000054 1
1269 1276
video_validation_0000055 9
205 256
468 516
586 677
729 772
856 909
951 996
1042 1084
1168 1217
1274 1331
video_validation_0000056 11
174 243
274 354
505 527
601 626
721 729
850 860
914 948
1018 1068
1208 1235
1249 1267
1312 1318
video_validation_0000057 13
94 117
437 476
701 737
804 833
915 968
1048 1071
1127 1176
1403 1424
1484 1501
1597 1633
1858 1890
1965 2019
2158 2208
video_validation_0000058 4
109 116
829 843
1142 1159
1237 1262
video_validation_0000059 15
49 67
256 272
426 443
685 703
828 844
908 913
1042 1048
1121 1130
1326 1340
1455 1464
1706 1720
1833 1838
2007 2045
2134 2150
1230 1247
video_validation_0000060 9
239 312
502 566
601 635
737 767
1010 1050
1232 1279
1335 1364
1416 1453
1492 1521
video_validation_0000151 1
102 229
video_validation_0000152 3
128 284
560 626
981 1248
video_validation_0000153 6
43 109
163 211
285 368
562 730
857 1010
1214 1416
video_validation_0000154 3
54 116
130 197
214 293
video_validation_0000155 1
356 452
video_validation_0000156 8
35 107
195 272
1168 1215
1272 1334
1449 1514
1648 1739
1847 1929
2261 2346
video_validation_0000157 2
3 96
107 496
video_validation_0000158 7
39 161
244 346
470 1651
2152 2243
2358 2442
2490 2588
2627 2728
video_validation_0000159 7
352 516
988 1232
1338 1363
2303 2461
2665 2740
3682 3886
4002 4116
video_validation_0000160 7
463 673
949 1085
2378 2552
3012 3196
1552 1606
1783 1861
1870 1967
video_validation_0000161 8
113 141
210 239
264 294
509 554
113 141
210 239
264 294
509 554
video_validation_0000162 49
0 28
107 119
398 431
672 700
791 823
842 876
879 907
917 946
1088 1128
1154 1182
1226 1254
1261 1323
1435 1467
1482 1513
1525 1551
1558 1585
1641 1671
1675 1699
1701 1731
1766 1796
1188 1220
0 28
107 119
398 431
672 700
791 823
842 876
879 907
917 946
1088 1128
1154 1182
1226 1254
1261 1323
1435 1467
1482 1513
1525 1551
1558 1585
1641 1671
1675 1699
1701 1731
1766 1796
1188 1220
36 106
190 203
229 236
356 391
1400 1435
1630 1640
1803 1835
video_validation_0000163 14
372 412
536 576
940 981
1046 1073
1279 1315
1487 1570
1728 1770
372 412
536 576
940 981
1046 1073
1279 1315
1487 1570
1728 1770
video_validation_0000164 8
936 957
1023 1058
1095 1118
1335 1364
936 957
1023 1058
1095 1118
1335 1364
video_validation_0000165 10
407 459
482 511
583 615
663 693
894 955
407 459
482 511
583 615
663 693
894 955
video_validation_0000166 11
783 828
838 857
906 963
1016 1050
1134 1168
783 828
838 857
906 963
1016 1050
1134 1168
203 244
video_validation_0000167 48
62 146
150 216
220 272
308 395
440 502
642 734
854 877
890 909
918 942
1053 1086
1093 1114
1366 1419
1420 1480
1484 1505
1530 1554
1582 1604
1610 1632
1643 1662
1673 1692
1695 1718
1725 1788
1829 1860
1864 1891
1893 1914
62 146
150 216
220 272
308 395
440 502
642 734
854 877
890 909
918 942
1053 1086
1093 1114
1366 1419
1420 1480
1484 1505
1530 1554
1582 1604
1610 1632
1643 1662
1673 1692
1695 1718
1725 1788
1829 1860
1864 1891
1893 1914
video_validation_0000168 32
141 176
205 237
260 281
308 339
420 443
498 529
554 580
620 654
682 704
786 820
869 903
979 1014
1035 1060
1107 1130
1200 1297
1334 1360
141 176
205 237
260 281
308 339
420 443
498 529
554 580
620 654
682 704
786 820
869 903
979 1014
1035 1060
1107 1130
1200 1297
1334 1360
video_validation_0000169 124
18 53
60 71
121 140
170 182
264 279
289 306
337 355
322 335
357 376
384 400
454 462
470 500
501 513
531 600
649 667
675 690
699 708
721 739
745 756
757 769
786 800
803 815
827 861
866 880
888 902
935 957
961 972
1047 1058
1059 1076
1086 1105
1136 1153
1154 1173
1193 1214
1214 1226
1227 1243
1244 1261
1261 1269
1273 1285
1286 1298
1299 1313
1346 1365
1436 1441
1513 1528
1560 1577
1586 1593
1595 1603
1607 1609
1635 1654
1706 1723
1728 1747
1758 1772
18 53
60 71
121 140
170 182
264 279
289 306
337 355
322 335
357 376
384 400
454 462
470 500
501 513
531 600
649 667
675 690
699 708
721 739
745 756
757 769
786 800
803 815
827 861
866 880
888 902
935 957
961 972
1047 1058
1059 1076
1086 1105
1136 1153
1154 1173
1193 1214
1214 1226
1227 1243
1244 1261
1261 1269
1273 1285
1286 1298
1299 1313
1346 1365
1436 1441
1513 1528
1560 1577
1586 1593
1595 1603
1607 1609
1635 1654
1706 1723
1728 1747
1758 1772
188 197
1024 1046
1001 1009
1447 1491
246 265
314 320
417 433
463 469
626 636
644 648
694 696
777 785
958 961
986 1001
1076 1078
1314 1335
1376 1395
1510 1513
1534 1554
1603 1606
1611 1634
1665 1681
video_validation_0000170 14
223 254
942 991
1237 1276
1606 1688
1867 1904
1994 2045
223 254
942 991
1237 1276
1606 1688
1867 1904
1994 2045
497 597
1472 1592
video_validation_0000171 10
26 36
821 839
905 916
996 1013
1094 1112
34 44
836 855
917 928
1021 1029
1114 1142
video_validation_0000172 6
140 164
324 341
494 518
659 689
817 840
973 997
video_validation_0000173 39
56 83
142 149
204 216
275 285
310 320
429 440
618 628
664 685
739 750
800 860
908 923
986 1000
1038 1051
1117 1130
1193 1203
1461 1468
1533 1550
1621 1634
1683 1700
1745 1753
1786 1798
1831 1846
2041 2079
148 164
213 220
283 290
317 328
440 448
628 640
749 756
916 923
1197 1208
1418 1457
1540 1554
1627 1640
1687 1711
1748 1755
1849 1877
1913 1929
video_validation_0000174 6
75 91
257 282
423 457
578 605
1187 1215
1352 1373
video_validation_0000175 1
674 748
video_validation_0000176 82
3 11
40 47
67 75
101 111
129 138
164 170
197 204
221 233
247 257
288 298
325 335
354 366
394 404
422 434
446 457
469 475
499 510
527 534
550 563
574 587
617 630
649 653
688 693
719 729
751 761
781 790
826 836
875 884
902 907
926 941
952 961
988 1000
1021 1033
1064 1070
1103 1115
1125 1132
1169 1183
1204 1213
1235 1242
1263 1270
1297 1307
11 27
47 58
75 89
112 119
138 147
170 182
204 212
229 237
254 265
297 309
333 344
365 375
402 413
432 442
455 466
472 484
507 519
532 538
562 569
581 596
627 640
649 660
691 700
724 738
759 769
787 803
832 849
880 893
903 915
935 945
956 973
993 1007
1025 1048
1068 1077
1111 1122
1130 1141
1176 1191
1209 1226
1239 1249
1267 1277
1304 1319
video_validation_0000177 6
7 119
662 671
718 725
745 784
803 847
853 869
video_validation_0000178 8
119 150
348 480
627 679
716 803
828 860
868 910
960 977
143 165
video_validation_0000179 21
87 111
386 398
623 635
732 754
888 896
914 929
1002 1016
1054 1072
1162 1170
1199 1206
1450 1457
1704 1714
160 230
391 407
629 639
742 764
894 900
1016 1036
1169 1176
1454 1463
1707 1718
video_validation_0000180 75
2 15
19 40
55 61
84 94
146 156
189 198
228 235
262 272
293 303
306 313
348 357
390 401
479 489
529 541
570 575
632 638
710 720
750 756
813 822
935 941
984 995
1118 1126
1158 1165
1259 1267
1316 1323
1392 1402
1480 1486
1512 1518
1532 1537
1547 1552
1598 1604
1638 1644
1682 1692
1731 1737
1791 1803
1823 1834
2004 2022
2055 2064
2148 2158
152 162
196 209
233 242
270 279
310 324
357 365
400 413
488 498
539 552
575 582
638 647
682 693
720 730
757 766
819 825
870 877
940 949
995 1003
1022 1032
1161 1172
1265 1274
1321 1328
1400 1412
1484 1494
1517 1524
1535 1543
1551 1559
1601 1609
1642 1651
1691 1699
1734 1740
1800 1811
1831 1839
2018 2026
2063 2071
2158 2169
video_validation_0000181 10
23 31
533 544
868 882
1178 1192
1351 1359
29 38
541 558
1356 1370
879 891
1190 1199
video_validation_0000182 10
76 85
142 156
279 292
321 342
453 498
537 552
709 857
897 916
933 955
568 592
video_validation_0000183 3
632 663
677 713
232 266
video_validation_0000184 23
8 18
345 359
387 400
484 499
640 653
842 852
1161 1173
1567 1578
1615 1624
16 26
219 242
284 300
352 367
397 406
495 504
664 688
732 758
842 858
1170 1178
1319 1338
1519 1557
1574 1582
1630 1644
video_validation_0000185 2
519 551
582 601
video_validation_0000186 15
318 327
161 165
171 177
212 219
232 241
416 420
465 476
515 522
586 632
664 676
687 698
708 719
734 739
745 753
767 779
video_validation_0000187 9
222 233
355 363
520 537
226 240
380 404
435 449
459 473
538 547
549 570
video_validation_0000188 18
160 176
470 484
849 861
1173 1197
1403 1416
1603 1629
176 184
362 370
430 447
484 491
680 695
733 762
856 864
1037 1088
1187 1200
1243 1263
1410 1423
1617 1632
video_validation_0000189 14
63 72
265 275
370 384
583 594
763 771
852 871
1023 1031
67 81
314 351
590 601
783 808
869 905
1027 1037
386 399
video_validation_0000190 2
59 67
67 73
video_validation_0000201 2
382 395
176 193
video_validation_0000202 21
44 62
278 379
435 461
489 512
582 626
683 700
728 748
791 806
828 866
989 1017
1117 1138
1196 1222
1320 1351
1405 1417
1466 1487
1513 1530
1549 1566
1643 1691
1741 1760
1785 1819
1857 1883
video_validation_0000203 17
68 143
163 215
400 438
448 481
742 773
1092 1109
1218 1241
1290 1306
1347 1362
1373 1396
1481 1496
1608 1679
538 569
792 881
901 962
333 352
1499 1535
video_validation_0000204 79
101 153
156 177
193 214
216 234
254 275
288 306
310 330
333 361
368 396
398 427
428 449
462 506
507 525
526 545
546 565
567 586
588 605
608 623
625 672
674 695
706 732
735 752
753 774
777 836
838 903
963 978
982 1002
1007 1027
1034 1063
1081 1150
1156 1173
1175 1195
1206 1222
1232 1249
1282 1302
1316 1340
1368 1387
1392 1409
1414 1434
1536 1558
1561 1581
1584 1607
1612 1636
1644 1668
1674 1704
1708 1745
1754 1775
1787 1810
1814 1833
1841 1870
1916 1935
1937 1954
1956 1976
1978 2029
2032 2087
2092 2144
2146 2204
2204 2232
2242 2266
2276 2294
2314 2338
2347 2365
2387 2404
2428 2447
2502 2520
2522 2546
2555 2575
2596 2617
2637 2652
2656 2691
2696 2726
2733 2763
2765 2792
2794 2812
2819 2837
2838 2856
2860 2880
2889 2908
2 100
video_validation_0000205 128
0 32
38 43
50 113
117 177
188 246
251 316
320 348
352 380
391 445
446 500
504 525
534 555
566 587
596 616
632 656
681 705
726 745
760 788
799 828
838 870
879 914
938 956
974 1000
1014 1036
1050 1076
1097 1116
1122 1142
1154 1174
1192 1212
1225 1248
1262 1386
1400 1423
1431 1453
1464 1492
1498 1522
1530 1558
1571 1596
1605 1628
1635 1657
1666 1699
1717 1743
1748 1775
1782 1806
1822 1846
1854 1873
1884 1898
1915 1937
1951 1972
1976 1997
2009 2028
2037 2055
2072 2100
2108 2135
2139 2168
2183 2209
2216 2247
2269 2289
2294 2314
2326 2343
2350 2374
2383 2407
2422 2447
2468 2492
2495 2516
2522 2546
2550 2568
2578 2600
2607 2624
2634 2656
2666 2682
2687 2715
2720 2745
2756 2780
2784 2807
2815 2842
2852 2881
2885 2917
2928 2953
2962 2984
2989 3015
3017 3042
3049 3065
3072 3094
3099 3123
3130 3158
3170 3189
3196 3231
3239 3262
3267 3290
3303 3332
3339 3356
3359 3385
3389 3418
3428 3460
3464 3489
3494 3521
3533 3558
3565 3596
3605 3634
3638 3671
3673 3694
3703 3720
3727 3757
3777 3798
3802 3838
3846 3879
3997 4023
4077 4106
4117 4141
4151 4178
4187 4212
4225 4256
4265 4302
4314 4339
4347 4368
4376 4396
4419 4460
4492 4514
4550 4575
4602 4624
4655 4675
4689 4711
4722 4745
4756 4788
4791 4813
4821 4844
4855 4883
5146 5320
video_validation_0000206 50
0 12
12 22
23 32
33 41
42 50
51 59
60 69
70 82
83 95
95 107
259 267
285 307
322 339
341 363
381 391
409 432
495 513
523 538
557 574
595 605
621 652
673 686
701 718
728 738
759 766
783 797
819 837
852 867
874 907
927 940
960 981
1001 1012
1014 1024
1026 1036
1061 1085
1109 1120
1131 1156
1220 1235
1255 1268
1275 1300
1317 1328
1343 1367
1380 1399
1414 1432
1445 1471
1489 1510
1533 1564
1586 1600
1633 1654
1679 1699
video_validation_0000207 8
154 224
404 454
742 780
787 806
821 852
1129 1161
1264 1330
1476 1519
video_validation_0000208 22
268 297
336 365
367 391
395 410
420 448
460 518
522 551
570 597
623 657
665 713
727 773
794 822
827 864
880 918
929 958
976 1010
1026 1066
1076 1094
1130 1143
1144 1187
1194 1231
1239 1284
video_validation_0000209 30
65 96
172 213
244 285
305 384
745 798
867 909
920 962
978 1063
1440 1498
1564 1607
1622 1672
1684 1788
2135 2209
2285 2332
2357 2411
2428 2519
2991 3038
3329 3392
3597 3628
3681 3732
3747 3801
3820 3931
4307 4337
4575 4605
4660 4719
4732 4803
4810 4934
5288 5342
5357 5403
5425 5536
video_validation_0000210 6
224 280
285 347
468 508
627 667
787 815
863 902
video_validation_0000261 2
11 74
115 187
video_validation_0000262 6
7 41
57 136
161 190
215 239
239 256
272 307
video_validation_0000263 8
2 11
22 31
76 102
110 186
192 241
275 300
374 433
47 75
video_validation_0000264 13
618 632
628 645
594 607
607 617
670 682
683 692
687 700
694 707
744 757
880 915
1791 1830
2109 2134
2134 2158
video_validation_0000265 14
54 78
83 98
106 126
139 165
166 185
192 208
211 227
230 241
243 268
273 289
292 312
316 334
341 360
362 508
video_validation_0000266 23
96 122
124 218
220 292
407 433
542 575
588 623
632 667
678 703
905 920
927 943
1272 1298
1299 1355
1379 1482
728 764
328 382
794 839
845 881
946 982
992 1028
1035 1052
1058 1099
1104 1158
1209 1232
video_validation_0000267 41
922 938
938 958
958 971
971 990
990 1004
1006 1023
1023 1037
1037 1052
1052 1064
1064 1078
1084 1091
1091 1120
1122 1147
1149 1172
1261 1276
1543 1563
1282 1289
1860 1875
1885 1913
1940 1957
1983 1996
2005 2019
2046 2060
2110 2144
2168 2179
2252 2296
2366 2414
2585 2598
2786 2794
2846 2867
2893 2906
3377 3392
3393 3402
3434 3439
3489 3501
3525 3543
3569 3579
3583 3591
3596 3605
3611 3623
3627 3637
video_validation_0000268 1
2385 2496
video_validation_0000269 3
23 123
149 161
180 191
video_validation_0000270 3
265 294
301 364
480 577
video_validation_0000281 7
1697 1753
2216 2253
1098 1134
1159 1207
1354 1495
1540 1584
2141 2202
video_validation_0000282 3
77 155
293 324
328 358
video_validation_0000283 2
0 23
111 613
video_validation_0000284 4
130 192
224 427
439 470
476 508
video_validation_0000285 1
742 818
video_validation_0000286 1
1724 1786
video_validation_0000287 5
292 335
399 449
579 638
773 887
475 563
video_validation_0000288 3
795 840
1058 1092
96 242
video_validation_0000289 2
30 259
328 1233
video_validation_0000290 5
26 58
103 434
455 539
555 603
630 656
video_validation_0000311 29
0 15
139 215
554 636
753 814
949 1014
1152 1250
1393 1498
1791 1861
1984 2066
2440 2531
2662 2736
3094 3202
3348 3444
3571 3647
3777 3858
4196 4297
4466 4564
5098 5210
5330 5409
5648 5739
5870 5947
6058 6111
6354 6448
6610 6685
6773 6852
2072 2135
3452 3518
3862 3930
4568 4665
video_validation_0000312 3
22 105
196 272
488 553
video_validation_0000313 5
102 207
250 290
364 454
520 622
740 819
video_validation_0000314 95
0 91
112 204
212 301
316 382
400 491
497 587
627 706
740 821
843 922
930 1000
1014 1104
1124 1193
1205 1302
1332 1403
1412 1487
1496 1573
1610 1690
1735 1825
1831 1902
1915 1990
2000 2100
2150 2220
2229 2288
2299 2359
2400 2486
2496 2548
2563 2631
2641 2714
2745 2827
2876 2953
2957 3030
3041 3151
3164 3269
3298 3382
3402 3448
3459 3543
3545 3626
3644 3715
3737 3811
3865 3933
3938 4027
4044 4115
4133 4207
4215 4281
4303 4369
4373 4440
4469 4526
4549 4629
4648 4706
4723 4790
4821 4898
4909 4977
5032 5103
5110 5202
5229 5282
5313 5380
5382 5474
5493 5553
5573 5639
5644 5715
5722 5823
5828 5915
5941 6009
6023 6094
6113 6192
6212 6261
6268 6337
6351 6410
6428 6483
6513 6585
6611 6690
6733 6814
6844 6895
6899 6991
7010 7068
7076 7137
7149 7224
7272 7340
7347 7418
7428 7506
7582 7649
7658 7703
7706 7774
7809 7885
7911 7975
8005 8073
8119 8193
8225 8293
8324 8388
8442 8491
8501 8578
8589 8659
8699 8761
8800 8868
8884 8963
video_validation_0000315 7
48 151
242 312
411 508
592 674
750 842
945 1006
1201 1278
video_validation_0000316 6
1667 1753
1759 1797
1807 1896
1901 1932
1943 1970
1981 2013
video_validation_0000317 8
55 161
536 570
606 689
1002 1029
1052 1125
1371 1413
1511 1595
1975 2021
video_validation_0000318 23
230 283
289 343
397 454
463 520
522 578
586 635
638 688
699 744
748 790
795 847
891 970
973 1040
1047 1086
1091 1150
1169 1217
1221 1258
1313 1410
1421 1554
1598 1649
1658 1713
1716 1745
1754 1805
1809 1867
video_validation_0000319 10
42 89
178 244
442 497
631 687
935 977
1161 1213
1693 1746
1870 1971
2282 2319
2518 2565
video_validation_0000320 13
309 367
487 540
1044 1126
1296 1459
1627 1705
2171 2217
2334 2365
2710 2776
2916 2984
3913 3997
3677 3740
4729 4796
4918 5004
video_validation_0000361 59
746 786
1019 1068
1125 1165
1174 1225
1270 1327
1522 1541
1573 1608
1609 1639
1721 1837
1888 1927
1949 1999
2040 2080
2141 2186
2274 2321
2357 2393
2449 2499
2503 2527
2577 2615
2653 2708
2724 2794
2805 2859
2865 2905
2931 3031
3037 3088
3184 3221
3251 3296
3308 3344
3363 3400
3422 3442
3468 3511
3600 3645
3731 3871
3945 4005
4008 4032
4106 4142
4146 4191
4195 4227
4299 4367
4423 4475
4483 4494
4584 4614
4653 4723
4738 4767
4834 4878
5055 5101
5124 5161
5209 5245
5310 5360
5774 5795
5797 5816
5838 5849
5892 5919
5927 5972
5976 6050
6300 6357
6429 6447
6460 6483
6679 6717
6722 6769
video_validation_0000362 54
200 226
228 235
236 252
252 265
271 281
295 304
308 322
328 350
362 376
386 410
448 458
527 541
549 562
566 580
582 593
602 646
717 734
764 774
920 957
960 987
1002 1036
1038 1080
1194 1245
1264 1316
1344 1393
1413 1474
1476 1513
1515 1580
1669 1721
1818 1854
1888 1968
2023 2076
2143 2178
2530 2588
2682 2720
3012 3119
3124 3180
3182 3201
3204 3222
3224 3240
3324 3338
3338 3390
3464 3496
3496 3528
3528 3554
3556 3587
3804 3835
3919 3945
4081 4170
4294 4331
4405 4437
4588 4764
4838 4900
4930 4962
video_validation_0000363 72
219 275
282 332
463 516
523 567
582 621
626 682
794 853
1013 1066
1143 1183
1188 1236
1318 1369
1379 1400
1472 1531
1561 1588
1786 1869
2011 2064
2067 2098
2138 2192
2353 2410
2534 2565
2745 2794
2803 2860
2899 2939
2947 3002
3014 3044
3114 3169
3237 3282
3314 3365
3377 3403
3648 3696
3699 3721
3726 3779
3904 3988
4002 4051
4061 4093
4267 4310
4368 4423
4426 4449
4558 4579
4585 4618
4628 4665
4669 4717
4734 4785
4792 4847
4865 4889
4933 4962
5086 5145
5200 5217
5231 5276
5293 5325
5339 5382
5467 5511
5521 5565
5621 5658
5665 5706
5716 5743
5755 5803
5806 5832
5834 5870
5880 5924
5928 5949
5984 6039
6050 6088
6106 6145
6195 6247
6255 6294
6298 6326
6333 6363
6549 6593
7092 7149
7173 7208
7318 7361
video_validation_0000364 8
230 324
746 800
865 915
952 986
1136 1173
1205 1270
536 643
986 1067
video_validation_0000365 11
333 363
850 870
2217 2250
181 243
296 333
697 773
808 843
1104 1162
1453 1512
1929 1985
2130 2199
video_validation_0000366 2
4 28
49 144
video_validation_0000367 6
1310 1343
852 909
928 976
983 1024
1047 1123
1162 1236
video_validation_0000368 9
1514 1982
2388 2515
400 424
434 478
513 589
613 736
2027 2102
2519 2625
2682 2791
video_validation_0000369 30
6819 6852
1609 1680
1718 1782
2182 2256
2300 2360
2580 2624
2673 2699
2889 2925
2991 3046
3052 3076
3351 3423
3491 3552
3936 3969
4020 4078
4207 4255
4302 4335
4347 4374
4579 4627
4706 4745
5063 5112
5188 5222
5534 5573
5661 5714
6067 6120
6243 6284
6680 6739
6790 6816
7411 7456
7529 7566
7569 7596
video_validation_0000370 28
4874 4983
864 925
955 988
1315 1390
1435 1461
1464 1491
1735 1786
1849 1885
1902 1941
2391 2436
2501 2531
2546 2581
2875 2934
2972 3017
3035 3073
3300 3345
3519 3553
3566 3618
3970 4018
4091 4132
4458 4518
4634 4670
4679 4709
4774 4823
5477 5521
5628 5666
6111 6153
5669 5697
video_validation_0000411 18
2083 2145
2304 2341
2543 2643
3057 3140
3253 3359
3622 3701
3818 3855
4380 4467
4637 4694
5190 5274
5371 5430
5678 5712
5843 5901
6539 6602
6925 6989
7179 7208
7645 7686
7828 7900
video_validation_0000412 14
7 63
182 227
434 506
702 742
950 1042
1164 1260
1441 1526
1752 1830
2093 2152
2301 2356
2477 2528
2664 2736
3024 3095
3254 3363
video_validation_0000413 20
511 570
700 754
923 998
1081 1147
1936 2034
2394 2487
2624 2675
2917 2996
3110 3174
3556 3650
4090 4164
4256 4307
4714 4787
4909 4987
5340 5421
5511 5587
5844 5901
6049 6094
6403 6474
6597 6662
video_validation_0000414 20
115 188
192 262
264 356
362 456
459 506
510 584
588 619
834 890
894 942
1307 1360
1364 1436
1473 1543
2026 2118
2161 2213
2218 2331
2524 2568
2597 2641
2768 2815
2868 2950
1960 2007
video_validation_0000415 12
193 241
392 438
454 487
736 823
875 909
1073 1138
1182 1225
1579 1654
1900 1932
2263 2285
2313 2351
2400 2436
video_validation_0000416 11
22 101
199 245
551 630
761 825
1225 1308
1476 1548
2006 2076
2676 2727
2817 2912
3503 3575
4657 4744
video_validation_0000417 26
274 342
500 538
614 679
764 816
874 921
938 986
1078 1149
1202 1265
1369 1414
1517 1585
1635 1694
1763 1807
1840 1899
1980 2050
2135 2194
2284 2338
2341 2413
2443 2504
2566 2643
2663 2717
2800 2868
2975 3037
3115 3175
3237 3278
3320 3342
3460 3512
video_validation_0000418 24
0 58
117 182
257 291
314 363
411 465
508 562
635 699
739 797
818 876
948 993
1046 1110
1150 1179
1230 1283
1403 1470
1518 1576
1624 1673
1733 1784
1830 1885
1926 1984
2022 2068
2132 2178
2210 2247
2323 2373
2419 2460
video_validation_0000419 23
116 187
278 316
786 866
952 1043
1480 1552
1630 1664
2060 2132
2202 2246
2531 2617
3080 3134
3286 3322
4302 4402
4558 4617
5138 5214
5278 5354
5676 5722
5800 5887
6094 6151
6253 6313
7066 7134
7242 7285
8052 8130
8581 8650
video_validation_0000420 25
166 229
330 382
664 746
892 964
1205 1261
1384 1432
1877 1960
2045 2102
2450 2558
2686 2741
3925 3988
4095 4135
4362 4452
4884 4982
5469 5558
5670 5722
5952 6028
6157 6235
6648 6742
6864 6931
7277 7355
7481 7551
7907 7991
8412 8556
8680 8725
video_validation_0000481 27
8 94
344 424
558 609
626 716
851 922
1015 1070
1115 1161
1291 1371
1467 1505
1510 1587
1728 1843
1922 1975
1998 2041
2145 2235
2335 2385
2394 2476
2663 2766
2881 2936
2948 3000
3139 3240
3325 3376
3394 3494
3599 3708
3805 3857
3864 3947
4002 4057
4164 4224
video_validation_0000482 3
277 410
507 596
657 694
video_validation_0000483 3
538 709
794 890
897 949
video_validation_0000484 41
151 273
352 388
782 926
1080 1122
1161 1236
1422 1527
1615 1661
1668 1751
2003 2100
2170 2217
2232 2287
2724 2833
2938 2996
3041 3112
3407 3497
3812 3931
4009 4074
4116 4198
4534 4629
4708 4761
4809 4877
5026 5120
5203 5349
5592 5714
5840 5898
5932 6010
6331 6442
6566 6608
6652 6713
6861 6954
7014 7062
7093 7155
7393 7496
7558 7618
7670 7736
8250 8325
8410 8462
8485 8586
8919 9023
9080 9133
9140 9252
video_validation_0000485 9
157 247
362 479
650 746
874 1006
1302 1395
1512 1634
1833 1906
2055 2165
2387 2425
video_validation_0000486 7
102 179
192 255
259 295
298 376
400 469
501 552
582 676
video_validation_0000487 28
0 78
574 616
619 680
696 742
751 880
923 963
970 1034
1040 1137
1199 1246
1247 1299
1309 1333
1340 1395
1399 1464
1484 1539
1652 1698
1703 1744
1746 1777
1793 1827
1879 1916
1937 1960
1971 2027
2059 2140
2151 2241
2285 2419
2428 2524
2559 2622
85 396
401 545
video_validation_0000488 7
158 274
279 360
440 516
519 665
679 822
829 902
910 1064
video_validation_0000489 6
32 113
198 274
878 966
1099 1156
1570 1678
1767 1830
video_validation_0000490 33
833 926
936 988
994 1063
1068 1115
1126 1180
1189 1253
1269 1369
1377 1451
1457 1510
1510 1572
1581 1650
1655 1712
1717 1817
1817 1883
1883 1944
2331 2361
2377 2406
2423 2459
2482 2505
2526 2552
2584 2610
2619 2657
2670 2702
2861 2880
2910 2936
2954 2983
2998 3022
3042 3074
3175 3202
3220 3249
3270 3296
3335 3362
3381 3412
video_validation_0000661 4
571 653
1100 1155
1158 1208
1210 1307
video_validation_0000662 7
71 186
192 308
313 429
430 548
550 740
742 860
862 969
video_validation_0000663 11
0 74
175 241
625 723
908 954
964 1033
1138 1208
1221 1304
1802 1875
1896 1961
1981 2046
2064 2128
video_validation_0000664 9
507 524
204 299
338 378
435 492
530 593
639 686
727 788
854 931
976 1050
video_validation_0000665 14
1536 1571
1478 1531
1574 1864
311 361
364 409
440 500
514 562
715 833
846 1033
1037 1170
1869 1954
1956 2021
2071 2124
2127 2325
video_validation_0000666 23
2458 2541
4080 4213
6513 6577
1915 2043
2163 2236
2298 2385
2718 2809
2866 2980
3138 3231
3299 3377
3511 3601
3705 3777
3850 3980
4388 4510
4551 4659
4750 4858
4937 5020
5215 5307
5383 5471
5525 5607
5682 5799
6202 6343
6428 6507
video_validation_0000667 3
51 148
296 358
468 544
video_validation_0000668 47
0 136
140 230
234 287
290 354
356 396
398 455
466 507
511 583
586 633
638 707
709 783
794 845
850 918
922 966
971 1032
1042 1085
1089 1153
1172 1226
1233 1298
1327 1370
1377 1452
1468 1518
1526 1592
1596 1642
1647 1721
1730 1779
1783 1850
1880 1931
1936 1997
2009 2069
2074 2146
2169 2312
2322 2373
2379 2441
2460 2514
2520 2585
2593 2660
2670 2721
2725 2773
2779 2848
2859 2911
2916 2978
3001 3119
3123 3200
3219 3267
3272 3326
3332 3671
video_validation_0000669 8
527 591
650 680
989 1039
1173 1208
1334 1375
1421 1474
1531 1576
1645 1726
video_validation_0000670 1
739 916
video_validation_0000681 1
440 509
video_validation_0000682 2
15 54
793 839
video_validation_0000683 4
3 55
75 135
159 181
238 257
video_validation_0000684 3
218 233
400 431
637 666
video_validation_0000685 8
187 234
234 267
438 481
551 582
632 668
672 713
784 815
1046 1062
video_validation_0000686 1
24 50
video_validation_0000687 2
51 71
177 205
video_validation_0000688 3
776 819
1037 1067
1273 1301
video_validation_0000689 1
5 49
video_validation_0000690 5
57 106
149 181
350 380
1568 1613
2516 2562
video_validation_0000781 5
196 209
345 407
520 579
745 808
874 949
video_validation_0000782 7
351 395
402 435
683 743
774 801
871 903
959 992
549 623
video_validation_0000783 9
52 118
220 274
591 668
767 816
958 1021
1128 1154
1208 1247
1606 1663
1769 1799
video_validation_0000784 3
62 112
201 247
457 507
video_validation_0000785 4
144 183
888 966
979 1043
1052 1097
video_validation_0000786 14
165 208
348 421
478 500
266 322
581 629
656 672
685 740
764 783
787 798
808 821
850 873
901 914
985 1003
79 129
video_validation_0000787 2
42 73
165 200
video_validation_0000788 6
83 134
152 209
398 459
575 598
620 632
647 670
video_validation_0000789 21
7 34
138 192
202 233
258 339
368 403
465 523
574 647
650 707
739 774
791 843
851 995
1002 1077
1084 1114
1120 1151
1182 1245
1258 1321
1369 1419
1452 1576
1610 1668
1686 1746
1755 1824
video_validation_0000790 1
436 609
video_validation_0000851 2
118 157
174 205
video_validation_0000852 32
32 65
128 158
166 204
214 245
258 288
348 375
381 418
439 465
472 500
576 607
611 640
708 737
802 826
842 866
900 944
1017 1046
1050 1079
1144 1172
1240 1265
1275 1310
1347 1384
1453 1482
1496 1517
1527 1551
1578 1610
1674 1703
1708 1730
1736 1752
1769 1815
1887 1924
1940 1990
2127 2165
video_validation_0000853 5
4 25
448 486
516 555
581 619
659 707
video_validation_0000854 1
38 47
video_validation_0000855 3
24 42
1172 1190
1374 1395
video_validation_0000856 10
199 214
566 611
637 650
843 855
859 915
85 100
352 389
704 713
722 760
137 172
video_validation_0000857 7
38 114
152 177
204 225
258 282
311 327
356 382
399 480
video_validation_0000858 2
396 445
558 588
video_validation_0000859 4
52 74
264 309
385 461
482 508
video_validation_0000860 2
64 100
196 261
video_validation_0000901 12
62 78
155 164
205 222
345 362
427 446
510 525
636 647
736 765
819 846
945 959
987 1029
1089 1110
video_validation_0000902 62
44 50
30 35
57 62
71 79
84 90
110 117
118 121
122 127
158 169
200 207
258 263
303 308
351 357
1025 1045
1117 1129
1165 1184
1215 1229
1298 1317
1385 1400
1436 1445
1445 1467
1511 1523
1558 1588
1643 1671
1768 1783
1818 1845
1911 1933
2048 2058
2196 2202
2273 2289
2337 2347
2394 2409
2434 2444
2482 2532
2594 2620
2670 2696
2732 2751
2799 2856
2942 2957
2985 2992
3015 3046
3089 3111
3217 3229
3274 3311
3348 3372
3396 3428
3548 3559
3627 3640
3653 3686
3722 3749
3770 3806
4349 4362
4488 4520
4571 4605
4632 4680
4736 4747
5053 5091
5128 5168
5197 5236
5846 5908
207 213
2001 2019
video_validation_0000903 38
60 80
114 138
167 192
220 232
294 320
339 360
513 530
600 630
705 721
826 844
891 911
953 968
1058 1092
1283 1301
1365 1387
1412 1429
1603 1635
1674 1697
1946 1959
1987 2014
2318 2353
3208 3237
3310 3350
3637 3646
3758 3771
3857 3878
3910 3953
4229 4250
4321 4354
4401 4418
4446 4484
4742 4769
4805 4831
4953 4965
5007 5034
5074 5097
2218 2242
4685 4702
video_validation_0000904 32
97 114
401 431
629 652
751 764
808 828
872 895
916 929
957 971
1017 1034
1077 1091
1139 1151
1209 1221
1268 1281
1354 1366
1433 1446
1494 1512
1628 1637
1679 1699
1722 1733
1776 1791
1864 1876
1927 1941
1967 1983
2036 2054
2117 2137
2205 2227
186 244
330 343
485 501
534 555
677 693
1559 1580
video_validation_0000905 19
467 485
1592 1611
104 110
162 173
200 215
246 254
271 283
534 550
572 580
602 616
642 649
742 758
810 820
854 863
926 940
983 994
1186 1200
1285 1300
1357 1371
video_validation_0000906 33
668 705
429 439
741 797
916 937
963 971
1035 1098
1127 1169
1202 1233
1299 1311
1441 1474
1534 1561
1610 1637
1662 1673
1736 1762
1809 1841
1881 1925
1967 2015
2046 2069
2666 2678
2736 2761
2809 2857
2892 2906
2975 3002
3042 3075
3467 3480
3542 3585
3616 3648
3672 3701
3800 3836
3861 3898
3953 3965
4082 4115
3734 3747
video_validation_0000907 4
97 108
168 181
205 234
317 331
video_validation_0000908 38
229 258
308 321
413 435
493 503
534 552
583 606
646 679
703 720
735 765
785 806
855 884
895 909
909 918
970 999
999 1015
1046 1070
1106 1134
1178 1189
1271 1287
1340 1360
1401 1423
1489 1505
1549 1569
1621 1633
1741 1762
1789 1799
1838 1864
1934 1964
2050 2067
2110 2145
2174 2188
2233 2250
2286 2301
2367 2398
2409 2422
2491 2520
2557 2578
1900 1919
video_validation_0000909 31
66 76
133 146
178 198
229 243
295 308
376 382
414 428
461 478
520 544
585 595
642 656
708 721
780 794
827 839
872 887
919 931
961 973
1016 1037
1089 1099
1126 1139
1180 1200
1309 1319
1410 1433
1476 1489
1506 1517
1533 1550
1605 1625
1685 1703
1732 1760
1789 1821
1825 1855
video_validation_0000910 35
99 112
165 183
191 229
269 282
350 368
406 417
502 518
542 564
615 627
698 708
719 725
742 752
798 812
887 909
935 974
1012 1028
1050 1062
1071 1081
1089 1124
1243 1252
1271 1275
1286 1310
1361 1368
1415 1425
1435 1463
1506 1516
1550 1565
1607 1631
1694 1706
1727 1734
1746 1752
1757 1765
1766 1775
1779 1785
1787 1798
video_validation_0000931 7
314 340
345 371
388 405
575 592
616 644
654 671
4 87
video_validation_0000932 14
514 519
520 526
628 640
33 38
46 48
496 512
527 531
535 539
541 544
28 33
160 166
167 173
174 180
271 285
video_validation_0000933 12
67 74
94 101
109 119
129 137
144 152
164 180
203 221
291 330
885 895
1134 1150
1156 1172
449 870
video_validation_0000934 4
94 106
285 334
545 582
210 252
video_validation_0000935 11
342 357
378 390
413 425
444 457
476 488
515 531
544 556
579 590
610 627
643 657
678 701
video_validation_0000936 4
5 65
194 279
287 324
378 420
video_validation_0000937 10
45 48
83 93
114 126
136 153
159 172
226 241
397 408
415 423
440 450
102 110
video_validation_0000938 2
79 196
251 340
video_validation_0000939 12
710 732
747 770
789 807
862 915
168 194
194 222
330 341
349 373
388 408
424 448
516 542
548 568
video_validation_0000940 4
93 133
137 181
49 90
202 313
video_validation_0000941 8
214 273
658 712
795 871
1200 1285
1457 1482
1568 1634
1883 1938
2043 2119
video_validation_0000942 4
13 98
188 268
400 442
530 604
video_validation_0000943 5
50 120
143 208
262 297
633 692
700 753
video_validation_0000944 75
60 125
158 182
188 218
226 271
274 307
358 372
374 381
382 390
392 399
400 406
408 415
417 422
425 431
434 440
442 448
451 458
459 467
468 475
478 484
486 492
496 502
504 512
514 521
522 530
532 539
540 549
550 558
560 586
593 614
625 649
649 669
670 680
681 688
688 693
694 699
700 708
708 713
714 719
720 727
728 732
733 738
738 746
747 771
776 800
809 828
829 857
865 892
895 921
924 946
953 983
984 1010
1080 1137
1180 1225
1388 1421
1422 1437
1438 1443
1443 1448
1449 1457
1458 1463
1464 1468
1468 1477
1477 1482
1483 1488
1488 1496
1496 1531
1533 1558
1568 1600
1601 1643
1646 1670
1677 1702
1708 1744
1748 1779
1781 1803
1814 1841
1846 1871
video_validation_0000945 21
24 70
280 293
295 319
322 355
360 420
423 458
462 523
526 564
566 618
622 664
667 722
725 761
763 824
826 865
868 917
919 978
980 1015
1018 1094
1095 1152
1154 1210
1214 1237
video_validation_0000946 2
55 122
166 822
video_validation_0000947 1
0 982
video_validation_0000948 1
0 247
video_validation_0000949 1
49 92
video_validation_0000950 1
49 92
video_validation_0000981 20
43 70
75 91
125 142
222 232
376 389
451 465
549 570
623 638
697 736
751 764
777 806
845 856
886 901
917 923
924 928
944 954
1036 1049
1107 1111
1152 1164
908 913
video_validation_0000982 2
58 62
163 182
video_validation_0000983 45
362 368
373 382
418 433
460 472
472 483
488 499
507 520
523 530
532 538
540 547
584 590
630 637
639 645
648 654
657 663
665 673
724 732
745 756
767 778
787 798
809 817
819 826
835 841
841 847
848 854
856 864
875 889
930 943
939 948
961 974
969 977
985 995
1000 1006
1010 1015
1018 1022
1027 1030
1033 1039
1042 1046
1051 1055
1058 1063
1065 1070
1079 1088
1097 1109
1117 1130
828 831
video_validation_0000984 4
163 175
273 308
391 434
340 358
video_validation_0000985 12
87 106
443 464
548 673
804 869
1123 1200
1288 1305
1477 1541
1559 1637
1641 1675
1804 1863
205 278
299 348
video_validation_0000986 4
27 40
75 88
123 140
167 184
video_validation_0000987 38
10 27
48 67
96 110
126 139
153 165
176 189
205 217
232 246
261 269
279 291
306 315
325 337
354 362
371 380
392 400
406 421
437 448
461 470
498 510
524 538
555 570
576 585
606 616
623 631
644 658
666 679
698 709
717 739
759 767
788 803
811 821
833 844
861 869
877 889
902 915
933 945
968 986
996 1022
video_validation_0000988 6
72 102
113 299
539 702
809 976
1043 1064
1083 1239
video_validation_0000989 8
151 173
179 192
196 222
226 244
247 255
268 284
289 304
313 333
video_validation_0000990 8
534 554
612 628
675 696
787 805
833 853
921 939
997 1016
1036 1104
